[PtcServer Acquisition File]
PtcServerVersion=1.0.0.51
[PTC Status]
ID=Potenciostat [kolibrik.net] 1.4C_20161122 (PTC1, PTC-gamma-rC)
Serial=Kl-Ptc-150238
Setpoint=0.8
Range=15A
Feedback=Vsense
OutputEnabled=1
Switches=35264
AutoCalib=3
AutoRange=0
Vout=0.821156
Vsense=0.799924
Vref=-0.001712026
I=0.780012
[ACQ EIS]
Timestamp=2017-01-26 16:57:34.428
fStart=1
fEnd=100000
VAmp=9
PointsPerDecade=10
VRange=4
IRange=3
Periods=5
Samples=2048
ChannelCount=14
Channel1=Z
Channel2=Phi
Channel3=Re
Channel4=Im
Channel5=GenFreq
Channel6=SampleRate
Channel7=AmpV
Channel8=AmpI
Channel9=AmpGen
Channel10=Vout
Channel11=Vsense
Channel12=Vref
Channel13=I
Channel14=timestamp
[DataHeader]
Number	Z	Phi	Re	Im	GenFreq	SampleRate	AmpV	AmpI	AmpGen	Vout	Vsense	Vref	I	timestamp
[Data]
0	1.023702	-4.986282	1.019827	-0.0889773	1	446.4286	0.00964609	0.009422756	9	0.829823	0.808555	-0.001791742	0.788009	2017-01-26 16:57:39.817
1	1.027999	-6.054947	1.022264	-0.1084356	1.258925	520.8333	0.009653156	0.009390234	9	0.830658	0.809365	-0.001719428	0.78893	2017-01-26 16:57:44.712
2	1.023445	-7.32863	1.015084	-0.1305509	1.584893	781.25	0.009627514	0.009406965	9	0.81289	0.792046	-0.001716316	0.771613	2017-01-26 16:57:48.980
3	1.011462	-9.647795	0.9971563	-0.1695121	1.995262	1041.667	0.009595148	0.009486416	9	0.818287	0.797373	-0.001782408	0.776013	2017-01-26 16:57:51.984
4	1.009826	-11.92548	0.988031	-0.2086697	2.511886	1041.667	0.009601804	0.009508375	9	0.815917	0.795019	-0.001780082	0.776491	2017-01-26 16:57:54.228
5	0.9955545	-14.48726	0.9638991	-0.2490526	3.162278	1562.5	0.009562618	0.009605319	9	0.814755	0.794006	-0.001750803	0.772616	2017-01-26 16:57:56.518
6	0.9756823	-17.66223	0.9296902	-0.2960269	3.981072	3125	0.00961859	0.009858322	9	0.817718	0.796745	-0.001715628	0.779166	2017-01-26 16:57:58.295
7	0.945167	-21.79345	0.8776143	-0.3509043	5.011872	3125	0.009562943	0.01011773	9	0.82812	0.807029	-0.001785061	0.784821	2017-01-26 16:57:59.350
8	0.9025629	-26.51883	0.8076021	-0.402987	6.309573	3125	0.009557389	0.01058917	9	0.811517	0.790816	-0.001850399	0.772152	2017-01-26 16:58:00.358
9	0.8547311	-31.99589	0.7248856	-0.4528865	7.943282	3125	0.009537795	0.01115883	9	0.811451	0.790695	-0.001765246	0.771632	2017-01-26 16:58:01.351
10	0.7894239	-37.65723	0.6249709	-0.4822876	10	3125	0.009524401	0.012065	9	0.819392	0.798662	-0.001713532	0.772882	2017-01-26 16:58:02.343
11	0.7077127	-43.71208	0.5115499	-0.4890541	12.58925	3125	0.009501374	0.01342547	9	0.818437	0.797718	-0.001755748	0.769688	2017-01-26 16:58:03.373
12	0.6235634	-49.77561	0.4026865	-0.4761039	15.84893	3125	0.009497907	0.01523166	9	0.816572	0.795863	-0.001756141	0.768367	2017-01-26 16:58:04.371
13	0.5351858	-55.04218	0.3066471	-0.4386244	19.95262	3125	0.009464344	0.01768422	9	0.812544	0.791809	-0.001813488	0.772283	2017-01-26 16:58:05.393
14	0.4504869	-59.32566	0.2298194	-0.3874552	25.11886	3125	0.009439663	0.02095436	9	0.827601	0.806303	-0.001879973	0.791667	2017-01-26 16:58:06.384
15	0.3735197	-63.28559	0.1679134	-0.3336496	31.62278	3125	0.009319576	0.0249507	9	0.825737	0.804742	-0.001850726	0.778952	2017-01-26 16:58:07.435
16	0.3057899	-66.33436	0.1227436	-0.280074	39.81072	3125	0.009169695	0.02998692	9	0.823275	0.801937	-0.001725552	0.791539	2017-01-26 16:58:08.441
17	0.2489242	-68.14133	0.09267907	-0.2310279	50.11872	3125	0.008972684	0.03604584	9	0.820542	0.799742	-0.001780901	0.772756	2017-01-26 16:58:09.472
18	0.2006545	-69.03327	0.07179935	-0.1873688	63.09573	3125	0.008784192	0.0437777	9.027399	0.820843	0.799725	-0.001776643	0.77992	2017-01-26 16:58:10.458
19	0.163074	-69.09381	0.05819116	-0.1523382	79.43282	3125	0.008410032	0.05157186	9.249182	0.819141	0.798066	-0.001712812	0.778438	2017-01-26 16:58:11.528
20	0.129691	-67.86481	0.04886669	-0.1201324	100	37940	0.008276636	0.06381814	9.898018	0.822703	0.801568	-0.001772091	0.787383	2017-01-26 16:58:12.538
21	0.1052552	-66.18532	0.04249992	-0.0962934	125.8925	47781	0.008585386	0.08156732	10.76309	0.820772	0.799655	-0.001697452	0.779942	2017-01-26 16:58:13.575
22	0.08657439	-63.64607	0.03843165	-0.07757663	158.4893	60171	0.008579193	0.0990962	11.28287	0.820707	0.799881	-0.001762266	0.771425	2017-01-26 16:58:14.562
23	0.07171069	-60.18229	0.03565757	-0.06221704	199.5262	75675	0.008543065	0.1191324	11.83629	0.821287	0.800201	-0.001773434	0.785199	2017-01-26 16:58:15.559
24	0.06041613	-55.70434	0.03404228	-0.04991224	251.1886	95454	0.008344723	0.1381208	12.46937	0.820878	0.799953	-0.001820628	0.779441	2017-01-26 16:58:16.618
25	0.0516593	-50.90793	0.03257472	-0.04009452	316.2278	120000	0.008300261	0.1606731	13.44854	0.820874	0.799945	-0.001837004	0.780096	2017-01-26 16:58:17.658
26	0.04525515	-45.42741	0.03176062	-0.03223804	398.1072	151079	0.008299374	0.1833907	14.58229	0.820928	0.800072	-0.001816436	0.782047	2017-01-26 16:58:18.627
27	0.04047916	-40.03244	0.0309941	-0.02603706	501.1872	190909	0.008470599	0.2092583	15.81332	0.820818	0.799816	-0.0017397	0.780865	2017-01-26 16:58:19.664
28	0.03693972	-34.85868	0.03031141	-0.02111305	630.9573	240000	0.008451613	0.2287947	16.80163	0.820236	0.799225	-0.001863106	0.77953	2017-01-26 16:58:20.686
29	0.03430348	-29.94743	0.02972341	-0.01712448	794.3282	302158	0.008486892	0.2474062	17.89181	0.820611	0.799452	-0.001768096	0.78336	2017-01-26 16:58:21.673
30	0.03229071	-25.47642	0.02915084	-0.01388952	1000	381818	0.008606045	0.2665177	18.97353	0.820307	0.799475	-0.001822757	0.78136	2017-01-26 16:58:22.710
31	0.03081018	-21.3915	0.02868767	-0.01123766	1258.925	482758	0.008643307	0.2805341	19.84207	0.820517	0.799455	-0.001788499	0.779969	2017-01-26 16:58:23.767
32	0.02938438	-17.57033	0.02801352	-0.008870447	1584.893	608695	0.00861136	0.2930591	20.66092	0.81991	0.799046	-0.001777004	0.779799	2017-01-26 16:58:24.731
33	0.02854022	-13.84779	0.0277107	-0.006830914	1995.262	763636	0.008628507	0.3023279	21.59336	0.820187	0.799154	-0.001694242	0.779448	2017-01-26 16:58:25.780
34	0.02781107	-10.45541	0.02734931	-0.005046881	2511.886	954545	0.008585229	0.3086982	22.52305	0.819643	0.798558	-0.001809984	0.778911	2017-01-26 16:58:26.712
35	0.02731474	-7.030043	0.02710939	-0.003343045	3162.278	1200000	0.008442505	0.3090824	23.61119	0.819862	0.798793	-0.001803237	0.779076	2017-01-26 16:58:27.765
36	0.02702733	-3.816894	0.02696739	-0.001799158	3981.072	1555555	0.008311851	0.307535	25.17033	0.819636	0.798625	-0.001852135	0.778911	2017-01-26 16:58:28.800
37	0.02695774	-0.6511345	0.026956	-0.0003063531	5011.872	1909090	0.008154995	0.3025103	27.25422	0.819597	0.798686	-0.001766491	0.778931	2017-01-26 16:58:29.839
38	0.02703508	2.295096	0.02701339	0.001082654	6309.573	2470588	0.008078359	0.2988103	30.07825	0.819494	0.798488	-0.001748674	0.77866	2017-01-26 16:58:30.807
39	0.02727349	5.385159	0.02715311	0.002559629	7943.282	3230770	0.007889482	0.2892729	33.5098	0.81929	0.798392	-0.001769307	0.778631	2017-01-26 16:58:31.850
40	0.02753654	8.259051	0.02725095	0.003955596	10000	3818180	0.007723533	0.280483	38.22662	0.818751	0.797829	-0.001791283	0.778027	2017-01-26 16:58:32.825
41	0.02800334	11.66032	0.02742543	0.005659727	12589.25	5250000	0.007702725	0.2750645	44.54433	0.818061	0.797257	-0.001700858	0.777573	2017-01-26 16:58:33.887
42	0.02858007	15.11265	0.02759163	0.007451328	15848.93	7000000	0.007565229	0.2647029	52.04638	0.817823	0.796937	-0.001785486	0.777211	2017-01-26 16:58:34.906
43	0.02933497	19.00956	0.02773517	0.009555162	19952.62	8400000	0.0074767	0.2548733	61.91716	0.817807	0.796926	-0.001747495	0.77719	2017-01-26 16:58:35.897
44	0.03025665	23.52002	0.02774295	0.0120745	25118.86	1.05E7	0.007506802	0.2481042	74.53213	0.816669	0.795702	-0.001901359	0.776021	2017-01-26 16:58:36.961
45	0.03160243	28.4986	0.02777313	0.0150787	31622.78	1.4E7	0.007544551	0.2387332	89.35751	0.815557	0.794574	-0.001755388	0.774998	2017-01-26 16:58:37.948
46	0.03336809	36.17572	0.02693507	0.01969597	39810.72	2.1E7	0.006325923	0.18958	90	0.814173	0.793305	-0.001784864	0.773555	2017-01-26 16:58:38.953
47	0.0363367	42.85689	0.0266368	0.02471512	50118.72	2.1E7	0.00549026	0.1510941	90	0.814627	0.793754	-0.001813947	0.774167	2017-01-26 16:58:39.930
48	0.04041867	49.56744	0.02621363	0.03076547	63095.73	2.1E7	0.004907965	0.1214282	90	0.814332	0.793507	-0.001740781	0.773885	2017-01-26 16:58:40.979
49	0.04592847	57.33214	0.02479073	0.03866322	79432.82	2.1E7	0.004449687	0.09688298	90	0.81455	0.79367	-0.001747724	0.774028	2017-01-26 16:58:41.969
50	0.05354872	64.841	0.02276526	0.04846863	100000	2.1E7	0.004110349	0.07675904	90	0.814552	0.793714	-0.001702364	0.774296	2017-01-26 16:58:43.019
[ACQ END]
